0 68593 794 H3O^1 0.001 3362.6
1 86088 794 OH^0 0.001 4220.25
2 1600 794 OH^-1 0.001 78.4534
3 67067 794 e_aq^-1 0.001 3287.76
4 11497 794 H^0 0.001 563.691
5 4677 794 H_2^0 0.001 229.203
6 835 794 H2O2^0 0.001 40.8916
7 0 794 HO_2^0 0.001 0
8 0 794 HO_2^-1 0.001 0
10 43 794 O^-1 0.001 2.10448
11 0 794 O_2^0 0.001 0
12 0 794 O_2^-1 0.001 0
16 155 794 H3O^1 0.001 7.56861
17 569 794 OH^-1 0.001 27.9172
0 68593 794 H3O^1 0.00132571 3362.6
1 86088 794 OH^0 0.00132571 4220.25
2 1600 794 OH^-1 0.00132571 78.4534
3 67067 794 e_aq^-1 0.00132571 3287.76
4 11497 794 H^0 0.00132571 563.691
5 4677 794 H_2^0 0.00132571 229.203
6 856 794 H2O2^0 0.00132571 41.9243
7 0 794 HO_2^0 0.00132571 0
8 0 794 HO_2^-1 0.00132571 0
10 44 794 O^-1 0.00132571 2.15433
11 0 794 O_2^0 0.00132571 0
12 0 794 O_2^-1 0.00132571 0
16 155 794 H3O^1 0.00132571 7.56861
17 569 794 OH^-1 0.00132571 27.9172
0 68579 794 H3O^1 0.00175751 3361.91
1 85983 794 OH^0 0.00175751 4215.1
2 1601 794 OH^-1 0.00175751 78.501
3 67053 794 e_aq^-1 0.00175751 3287.07
4 11491 794 H^0 0.00175751 563.402
5 4679 794 H_2^0 0.00175751 229.3
6 897 794 H2O2^0 0.00175751 43.9382
7 0 794 HO_2^0 0.00175751 0
8 0 794 HO_2^-1 0.00175751 0
10 50 794 O^-1 0.00175751 2.45127
11 0 794 O_2^0 0.00175751 0
12 0 794 O_2^-1 0.00175751 0
16 155 794 H3O^1 0.00175751 7.56861
17 569 794 OH^-1 0.00175751 27.9172
0 68558 794 H3O^1 0.00232995 3360.89
1 85772 794 OH^0 0.00232995 4204.79
2 1606 794 OH^-1 0.00232995 78.7437
3 67018 794 e_aq^-1 0.00232995 3285.35
4 11477 794 H^0 0.00232995 562.713
5 4684 794 H_2^0 0.00232995 229.546
6 965 794 H2O2^0 0.00232995 47.2501
7 0 794 HO_2^0 0.00232995 0
8 0 794 HO_2^-1 0.00232995 0
10 54 794 O^-1 0.00232995 2.64876
11 0 794 O_2^0 0.00232995 0
12 0 794 O_2^-1 0.00232995 0
16 155 794 H3O^1 0.00232995 7.56861
17 569 794 OH^-1 0.00232995 27.9172
0 68525 794 H3O^1 0.00308884 3359.28
1 85539 794 OH^0 0.00308884 4193.37
2 1601 794 OH^-1 0.00308884 78.4975
3 66987 794 e_aq^-1 0.00308884 3283.84
4 11463 794 H^0 0.00308884 562.031
5 4687 794 H_2^0 0.00308884 229.692
6 1069 794 H2O2^0 0.00308884 52.3474
7 0 794 HO_2^0 0.00308884 0
8 0 794 HO_2^-1 0.00308884 0
10 57 794 O^-1 0.00308884 2.79326
11 0 794 O_2^0 0.00308884 0
12 0 794 O_2^-1 0.00308884 0
16 155 794 H3O^1 0.00308884 7.56861
17 569 794 OH^-1 0.00308884 27.9172
0 68497 794 H3O^1 0.00409491 3357.92
1 85248 794 OH^0 0.00409491 4179.09
2 1610 794 OH^-1 0.00409491 78.9478
3 66947 794 e_aq^-1 0.00409491 3281.88
4 11444 794 H^0 0.00409491 561.099
5 4694 794 H_2^0 0.00409491 230.035
6 1183 794 H2O2^0 0.00409491 57.9522
7 0 794 HO_2^0 0.00409491 0
8 0 794 HO_2^-1 0.00409491 0
10 59 794 O^-1 0.00409491 2.89212
11 0 794 O_2^0 0.00409491 0
12 0 794 O_2^-1 0.00409491 0
16 155 794 H3O^1 0.00409491 7.56861
17 569 794 OH^-1 0.00409491 27.9172
0 68466 794 H3O^1 0.00542867 3356.4
1 84904 794 OH^0 0.00542867 4162.26
2 1616 794 OH^-1 0.00542867 79.2406
3 66905 794 e_aq^-1 0.00542867 3279.83
4 11412 794 H^0 0.00542867 559.525
5 4698 794 H_2^0 0.00542867 230.227
6 1317 794 H2O2^0 0.00542867 64.4941
7 0 794 HO_2^0 0.00542867 0
8 0 794 HO_2^-1 0.00542867 0
10 66 794 O^-1 0.00542867 3.23852
11 0 794 O_2^0 0.00542867 0
12 0 794 O_2^-1 0.00542867 0
16 155 794 H3O^1 0.00542867 7.56861
17 569 794 OH^-1 0.00542867 27.9172
0 68419 794 H3O^1 0.00719686 3354.1
1 84540 794 OH^0 0.00719686 4144.42
2 1622 794 OH^-1 0.00719686 79.5368
3 66850 794 e_aq^-1 0.00719686 3277.13
4 11388 794 H^0 0.00719686 558.338
5 4703 794 H_2^0 0.00719686 230.474
6 1464 794 H2O2^0 0.00719686 71.6941
7 0 794 HO_2^0 0.00719686 0
8 0 794 HO_2^-1 0.00719686 0
10 68 794 O^-1 0.00719686 3.33787
11 0 794 O_2^0 0.00719686 0
12 0 794 O_2^-1 0.00719686 0
16 155 794 H3O^1 0.00719686 7.56861
17 569 794 OH^-1 0.00719686 27.9172
0 68362 794 H3O^1 0.00954095 3351.3
1 84042 794 OH^0 0.00954095 4120.07
2 1646 794 OH^-1 0.00954095 80.705
3 66759 794 e_aq^-1 0.00954095 3272.67
4 11360 794 H^0 0.00954095 556.971
5 4712 794 H_2^0 0.00954095 230.917
6 1659 794 H2O2^0 0.00954095 81.2386
7 0 794 HO_2^0 0.00954095 0
8 0 794 HO_2^-1 0.00954095 0
10 73 794 O^-1 0.00954095 3.57973
11 0 794 O_2^0 0.00954095 0
12 0 794 O_2^-1 0.00954095 0
16 155 794 H3O^1 0.00954095 7.56861
17 569 794 OH^-1 0.00954095 27.9172
0 68307 794 H3O^1 0.0126485 3348.6
1 83454 794 OH^0 0.0126485 4091.23
2 1684 794 OH^-1 0.0126485 82.5583
3 66659 794 e_aq^-1 0.0126485 3267.79
4 11312 794 H^0 0.0126485 554.628
5 4723 794 H_2^0 0.0126485 231.454
6 1881 794 H2O2^0 0.0126485 92.131
7 0 794 HO_2^0 0.0126485 0
8 0 794 HO_2^-1 0.0126485 0
10 77 794 O^-1 0.0126485 3.77454
11 0 794 O_2^0 0.0126485 0
12 0 794 O_2^-1 0.0126485 0
16 156 794 H3O^1 0.0126485 7.6182
17 569 794 OH^-1 0.0126485 27.9172
0 68240 794 H3O^1 0.0167683 3345.32
1 82847 794 OH^0 0.0167683 4061.51
2 1713 794 OH^-1 0.0167683 83.9735
3 66560 794 e_aq^-1 0.0167683 3262.94
4 11254 794 H^0 0.0167683 551.777
5 4731 794 H_2^0 0.0167683 231.846
6 2114 794 H2O2^0 0.0167683 103.538
7 0 794 HO_2^0 0.0167683 0
8 0 794 HO_2^-1 0.0167683 0
10 81 794 O^-1 0.0167683 3.97254
11 0 794 O_2^0 0.0167683 0
12 0 794 O_2^-1 0.0167683 0
16 156 794 H3O^1 0.0167683 7.6182
17 569 794 OH^-1 0.0167683 27.9172
0 68148 794 H3O^1 0.02223 3340.82
1 82172 794 OH^0 0.02223 4028.34
2 1778 794 OH^-1 0.02223 87.1778
3 66403 794 e_aq^-1 0.02223 3255.23
4 11173 794 H^0 0.02223 547.799
5 4748 794 H_2^0 0.02223 232.684
6 2345 794 H2O2^0 0.02223 114.887
7 0 794 HO_2^0 0.02223 0
8 0 794 HO_2^-1 0.02223 0
10 84 794 O^-1 0.02223 4.1205
11 0 794 O_2^0 0.02223 0
12 0 794 O_2^-1 0.02223 0
16 156 794 H3O^1 0.02223 7.6182
17 569 794 OH^-1 0.02223 27.9172
0 68028 794 H3O^1 0.0294705 3334.94
1 81327 794 OH^0 0.0294705 3986.89
2 1827 794 OH^-1 0.0294705 89.5954
3 66224 794 e_aq^-1 0.0294705 3246.44
4 11086 794 H^0 0.0294705 543.522
5 4764 794 H_2^0 0.0294705 233.472
6 2645 794 H2O2^0 0.0294705 129.6
7 0 794 HO_2^0 0.0294705 0
8 0 794 HO_2^-1 0.0294705 0
10 92 794 O^-1 0.0294705 4.51777
11 0 794 O_2^0 0.0294705 0
12 0 794 O_2^-1 0.0294705 0
16 156 794 H3O^1 0.0294705 7.6182
17 569 794 OH^-1 0.0294705 27.9172
0 67899 794 H3O^1 0.0390694 3328.62
1 80359 794 OH^0 0.0390694 3939.46
2 1890 794 OH^-1 0.0390694 92.6852
3 66031 794 e_aq^-1 0.0390694 3236.98
4 10991 794 H^0 0.0390694 538.845
5 4779 794 H_2^0 0.0390694 234.212
6 3002 794 H2O2^0 0.0390694 147.089
7 0 794 HO_2^0 0.0390694 0
8 0 794 HO_2^-1 0.0390694 0
10 98 794 O^-1 0.0390694 4.80939
11 0 794 O_2^0 0.0390694 0
12 0 794 O_2^-1 0.0390694 0
16 156 794 H3O^1 0.0390694 7.6182
17 569 794 OH^-1 0.0390694 27.9172
0 67736 794 H3O^1 0.0517947 3320.63
1 79342 794 OH^0 0.0517947 3889.61
2 1913 794 OH^-1 0.0517947 93.8278
3 65835 794 e_aq^-1 0.0517947 3227.36
4 10871 794 H^0 0.0517947 532.937
5 4798 794 H_2^0 0.0517947 235.148
6 3370 794 H2O2^0 0.0517947 165.107
7 0 794 HO_2^0 0.0517947 0
8 2 794 HO_2^-1 0.0517947 0.095739
10 102 794 O^-1 0.0517947 5.00855
11 0 794 O_2^0 0.0517947 0
12 0 794 O_2^-1 0.0517947 0
16 157 794 H3O^1 0.0517947 7.66799
17 569 794 OH^-1 0.0517947 27.9172
0 67559 794 H3O^1 0.0686649 3311.98
1 78199 794 OH^0 0.0686649 3833.59
2 1983 794 OH^-1 0.0686649 97.293
3 65574 794 e_aq^-1 0.0686649 3214.56
4 10756 794 H^0 0.0686649 527.289
5 4820 794 H_2^0 0.0686649 236.231
6 3763 794 H2O2^0 0.0686649 184.364
7 0 794 HO_2^0 0.0686649 0
8 2 794 HO_2^-1 0.0686649 0.095739
10 114 794 O^-1 0.0686649 5.59706
11 0 794 O_2^0 0.0686649 0
12 0 794 O_2^-1 0.0686649 0
16 157 794 H3O^1 0.0686649 7.66799
17 569 794 OH^-1 0.0686649 27.9172
0 67355 794 H3O^1 0.0910298 3302
1 76871 794 OH^0 0.0910298 3768.57
2 2110 794 OH^-1 0.0910298 103.563
3 65236 794 e_aq^-1 0.0910298 3197.96
4 10616 794 H^0 0.0910298 520.45
5 4856 794 H_2^0 0.0910298 238.002
6 4224 794 H2O2^0 0.0910298 206.925
7 0 794 HO_2^0 0.0910298 0
8 2 794 HO_2^-1 0.0910298 0.095739
10 121 794 O^-1 0.0910298 5.94271
11 0 794 O_2^0 0.0910298 0
12 0 794 O_2^-1 0.0910298 0
16 157 794 H3O^1 0.0910298 7.66799
17 569 794 OH^-1 0.0910298 27.9172
0 67109 794 H3O^1 0.120679 3289.94
1 75399 794 OH^0 0.120679 3696.49
2 2226 794 OH^-1 0.120679 109.192
3 64865 794 e_aq^-1 0.120679 3179.83
4 10502 794 H^0 0.120679 514.865
5 4894 794 H_2^0 0.120679 239.853
6 4744 794 H2O2^0 0.120679 232.395
7 1 794 HO_2^0 0.120679 0.0490626
8 3 794 HO_2^-1 0.120679 0.145667
10 133 794 O^-1 0.120679 6.53002
11 0 794 O_2^0 0.120679 0
12 0 794 O_2^-1 0.120679 0
16 157 794 H3O^1 0.120679 7.66799
17 569 794 OH^-1 0.120679 27.9172
0 66813 794 H3O^1 0.159986 3275.44
1 73827 794 OH^0 0.159986 3619.45
2 2351 794 OH^-1 0.159986 115.323
3 64429 794 e_aq^-1 0.159986 3158.46
4 10361 794 H^0 0.159986 507.953
5 4942 794 H_2^0 0.159986 242.198
6 5284 794 H2O2^0 0.159986 258.844
7 1 794 HO_2^0 0.159986 0.0490626
8 4 794 HO_2^-1 0.159986 0.195625
10 145 794 O^-1 0.159986 7.12671
11 0 794 O_2^0 0.159986 0
12 0 794 O_2^-1 0.159986 0
16 157 794 H3O^1 0.159986 7.66799
17 569 794 OH^-1 0.159986 27.9172
0 66487 794 H3O^1 0.212095 3259.45
1 72093 794 OH^0 0.212095 3534.46
2 2495 794 OH^-1 0.212095 122.355
3 63944 794 e_aq^-1 0.212095 3134.7
4 10211 794 H^0 0.212095 500.616
5 4995 794 H_2^0 0.212095 244.812
6 5880 794 H2O2^0 0.212095 288.082
7 2 794 HO_2^0 0.212095 0.0988287
8 4 794 HO_2^-1 0.212095 0.195625
10 161 794 O^-1 0.212095 7.90912
11 0 794 O_2^0 0.212095 0
12 0 794 O_2^-1 0.212095 0
16 157 794 H3O^1 0.212095 7.66799
17 569 794 OH^-1 0.212095 27.9172
0 66089 794 H3O^1 0.281177 3239.9
1 70302 794 OH^0 0.281177 3446.72
2 2662 794 OH^-1 0.281177 130.507
3 63359 794 e_aq^-1 0.281177 3106.02
4 10114 794 H^0 0.281177 495.896
5 5051 794 H_2^0 0.281177 247.564
6 6477 794 H2O2^0 0.281177 317.341
7 3 794 HO_2^0 0.281177 0.148534
8 4 794 HO_2^-1 0.281177 0.195625
10 180 794 O^-1 0.281177 8.84563
11 0 794 O_2^0 0.281177 0
12 0 794 O_2^-1 0.281177 0
16 159 794 H3O^1 0.281177 7.76752
17 569 794 OH^-1 0.281177 27.9172
0 65633 794 H3O^1 0.372759 3217.56
1 68386 794 OH^0 0.372759 3352.86
2 2868 794 OH^-1 0.372759 140.586
3 62692 794 e_aq^-1 0.372759 3073.34
4 10014 794 H^0 0.372759 490.992
5 5127 794 H_2^0 0.372759 251.293
6 7122 794 H2O2^0 0.372759 348.938
7 5 794 HO_2^0 0.372759 0.245958
8 4 794 HO_2^-1 0.372759 0.195625
10 188 794 O^-1 0.372759 9.2439
11 0 794 O_2^0 0.372759 0
12 0 794 O_2^-1 0.372759 0
16 160 794 H3O^1 0.372759 7.8145
17 569 794 OH^-1 0.372759 27.9172
0 65152 794 H3O^1 0.494171 3193.98
1 66465 794 OH^0 0.494171 3258.68
2 3071 794 OH^-1 0.494171 150.498
3 61995 794 e_aq^-1 0.494171 3039.21
4 9950 794 H^0 0.494171 487.81
5 5198 794 H_2^0 0.494171 254.771
6 7764 794 H2O2^0 0.494171 380.408
7 7 794 HO_2^0 0.494171 0.345084
8 4 794 HO_2^-1 0.494171 0.195625
10 200 794 O^-1 0.494171 9.82978
11 0 794 O_2^0 0.494171 0
12 0 794 O_2^-1 0.494171 0
16 162 794 H3O^1 0.494171 7.91413
17 569 794 OH^-1 0.494171 27.9172
0 64593 794 H3O^1 0.655128 3166.59
1 64507 794 OH^0 0.655128 3162.74
2 3281 794 OH^-1 0.655128 160.786
3 61210 794 e_aq^-1 0.655128 3000.75
4 9898 794 H^0 0.655128 485.241
5 5275 794 H_2^0 0.655128 258.547
6 8392 794 H2O2^0 0.655128 411.176
7 7 794 HO_2^0 0.655128 0.345756
8 4 794 HO_2^-1 0.655128 0.195625
10 216 794 O^-1 0.655128 10.6166
11 1 794 O_2^0 0.655128 0.0490626
12 0 794 O_2^-1 0.655128 0
16 163 794 H3O^1 0.655128 7.96365
17 569 794 OH^-1 0.655128 27.9172
0 63988 794 H3O^1 0.868511 3136.96
1 62468 794 OH^0 0.868511 3062.8
2 3509 794 OH^-1 0.868511 171.981
3 60344 794 e_aq^-1 0.868511 2958.31
4 9816 794 H^0 0.868511 481.235
5 5386 794 H_2^0 0.868511 263.991
6 9030 794 H2O2^0 0.868511 442.453
7 8 794 HO_2^0 0.868511 0.394127
8 6 794 HO_2^-1 0.868511 0.293839
10 246 794 O^-1 0.868511 12.091
11 1 794 O_2^0 0.868511 0.0490626
12 0 794 O_2^-1 0.868511 0
16 167 794 H3O^1 0.868511 8.15997
17 569 794 OH^-1 0.868511 27.9172
0 63367 794 H3O^1 1.15139 3106.49
1 60505 794 OH^0 1.15139 2966.68
2 3805 794 OH^-1 1.15139 186.515
3 59398 794 e_aq^-1 1.15139 2911.89
4 9770 794 H^0 1.15139 478.996
5 5487 794 H_2^0 1.15139 268.927
6 9603 794 H2O2^0 1.15139 470.468
7 9 794 HO_2^0 1.15139 0.4411
8 6 794 HO_2^-1 1.15139 0.294484
10 274 794 O^-1 1.15139 13.4521
11 1 794 O_2^0 1.15139 0.0490626
12 0 794 O_2^-1 1.15139 0
16 168 794 H3O^1 1.15139 8.20629
17 569 794 OH^-1 1.15139 27.9172
0 62633 794 H3O^1 1.52642 3070.54
1 58663 794 OH^0 1.52642 2876.45
2 4084 794 OH^-1 1.52642 200.175
3 58358 794 e_aq^-1 1.52642 2860.95
4 9784 794 H^0 1.52642 479.706
5 5612 794 H_2^0 1.52642 275.049
6 10116 794 H2O2^0 1.52642 495.612
7 9 794 HO_2^0 1.52642 0.44211
8 10 794 HO_2^-1 1.52642 0.486589
10 298 794 O^-1 1.52642 14.6407
11 2 794 O_2^0 1.52642 0.0967386
12 0 794 O_2^-1 1.52642 0
16 168 794 H3O^1 1.52642 8.20629
17 569 794 OH^-1 1.52642 27.9172
0 61825 794 H3O^1 2.02359 3030.99
1 56815 794 OH^0 2.02359 2785.88
2 4437 794 OH^-1 2.02359 217.522
3 57165 794 e_aq^-1 2.02359 2802.49
4 9811 794 H^0 2.02359 481.017
5 5762 794 H_2^0 2.02359 282.41
6 10588 794 H2O2^0 2.02359 518.746
7 10 794 HO_2^0 2.02359 0.491844
8 12 794 HO_2^-1 2.02359 0.584832
10 327 794 O^-1 2.02359 16.0574
11 2 794 O_2^0 2.02359 0.0967386
12 1 794 O_2^-1 2.02359 0.0492895
16 170 794 H3O^1 2.02359 8.30325
17 569 794 OH^-1 2.02359 27.9172
0 60987 794 H3O^1 2.68269 2989.98
1 54920 794 OH^0 2.68269 2692.98
2 4816 794 OH^-1 2.68269 236.184
3 55912 794 e_aq^-1 2.68269 2741.06
4 9886 794 H^0 2.68269 484.689
5 5903 794 H_2^0 2.68269 289.34
6 11066 794 H2O2^0 2.68269 542.192
7 11 794 HO_2^0 2.68269 0.541174
8 13 794 HO_2^-1 2.68269 0.63725
10 362 794 O^-1 2.68269 17.7683
11 3 794 O_2^0 2.68269 0.146505
12 1 794 O_2^-1 2.68269 0.0492895
16 172 794 H3O^1 2.68269 8.40163
17 569 794 OH^-1 2.68269 27.9172
0 60121 794 H3O^1 3.55648 2947.52
1 53147 794 OH^0 3.55648 2606.19
2 5223 794 OH^-1 3.55648 256.141
3 54615 794 e_aq^-1 3.55648 2677.46
4 10000 794 H^0 3.55648 490.317
5 6051 794 H_2^0 3.55648 296.607
6 11491 794 H2O2^0 3.55648 562.989
7 14 794 HO_2^0 3.55648 0.684985
8 12 794 HO_2^-1 3.55648 0.588819
10 387 794 O^-1 3.55648 18.9934
11 3 794 O_2^0 3.55648 0.146505
12 2 794 O_2^-1 3.55648 0.0988929
16 177 794 H3O^1 3.55648 8.64713
17 568 794 OH^-1 3.55648 27.8675
0 59248 794 H3O^1 4.71486 2904.77
1 51463 794 OH^0 4.71486 2523.67
2 5633 794 OH^-1 4.71486 276.177
3 53283 794 e_aq^-1 4.71486 2612.26
4 10091 794 H^0 4.71486 494.785
5 6220 794 H_2^0 4.71486 304.891
6 11855 794 H2O2^0 4.71486 580.863
7 13 794 HO_2^0 4.71486 0.63639
8 13 794 HO_2^-1 4.71486 0.638639
10 435 794 O^-1 4.71486 21.3564
11 3 794 O_2^0 4.71486 0.147424
12 4 794 O_2^-1 4.71486 0.196126
16 183 794 H3O^1 4.71486 8.94437
17 566 794 OH^-1 4.71486 27.7688
0 58389 794 H3O^1 6.25055 2862.7
1 49830 794 OH^0 6.25055 2443.69
2 6168 794 OH^-1 6.25055 302.45
3 51854 794 e_aq^-1 6.25055 2542.22
4 10175 794 H^0 6.25055 498.837
5 6411 794 H_2^0 6.25055 314.265
6 12170 794 H2O2^0 6.25055 596.262
7 14 794 HO_2^0 6.25055 0.68426
8 17 794 HO_2^-1 6.25055 0.833934
10 465 794 O^-1 6.25055 22.8099
11 3 794 O_2^0 6.25055 0.147424
12 4 794 O_2^-1 6.25055 0.196126
16 188 794 H3O^1 6.25055 9.19286
17 566 794 OH^-1 6.25055 27.7688
0 57448 794 H3O^1 8.28642 2816.64
1 48197 794 OH^0 8.28642 2363.69
2 6596 794 OH^-1 8.28642 323.444
3 50433 794 e_aq^-1 8.28642 2472.62
4 10281 794 H^0 8.28642 504.042
5 6582 794 H_2^0 8.28642 322.637
6 12469 794 H2O2^0 8.28642 610.913
7 14 794 HO_2^0 8.28642 0.684365
8 22 794 HO_2^-1 8.28642 1.08144
10 516 794 O^-1 8.28642 25.308
11 5 794 O_2^0 8.28642 0.246317
12 2 794 O_2^-1 8.28642 0.0972336
16 194 794 H3O^1 8.28642 9.48961
17 565 794 OH^-1 8.28642 27.7193
0 56515 794 H3O^1 10.9854 2770.96
1 46706 794 OH^0 10.9854 2290.63
2 7176 794 OH^-1 10.9854 351.9
3 48875 794 e_aq^-1 10.9854 2396.27
4 10417 794 H^0 10.9854 510.675
5 6792 794 H_2^0 10.9854 332.939
6 12686 794 H2O2^0 10.9854 621.541
7 14 794 HO_2^0 10.9854 0.685284
8 27 794 HO_2^-1 10.9854 1.32591
10 559 794 O^-1 10.9854 27.4192
11 5 794 O_2^0 10.9854 0.245398
12 2 794 O_2^-1 10.9854 0.0972336
16 196 794 H3O^1 10.9854 9.58572
17 562 794 OH^-1 10.9854 27.5751
0 55585 794 H3O^1 14.5635 2725.43
1 45228 794 OH^0 14.5635 2218.21
2 7701 794 OH^-1 14.5635 377.709
3 47367 794 e_aq^-1 14.5635 2322.33
4 10499 794 H^0 14.5635 514.705
5 6990 794 H_2^0 14.5635 342.655
6 12878 794 H2O2^0 14.5635 630.943
7 14 794 HO_2^0 14.5635 0.685284
8 35 794 HO_2^-1 14.5635 1.72036
10 607 794 O^-1 14.5635 29.7681
11 5 794 O_2^0 14.5635 0.245398
12 2 794 O_2^-1 14.5635 0.0972336
16 201 794 H3O^1 14.5635 9.83153
17 559 794 OH^-1 14.5635 27.4292
0 54658 794 H3O^1 19.307 2680
1 43931 794 OH^0 19.307 2154.67
2 8199 794 OH^-1 19.307 402.146
3 45882 794 e_aq^-1 19.307 2249.54
4 10596 794 H^0 19.307 519.471
5 7207 794 H_2^0 19.307 353.278
6 13015 794 H2O2^0 19.307 637.636
7 17 794 HO_2^0 19.307 0.833481
8 37 794 HO_2^-1 19.307 1.81796
10 668 794 O^-1 19.307 32.7436
11 4 794 O_2^0 19.307 0.197027
12 2 794 O_2^-1 19.307 0.0972336
16 208 794 H3O^1 19.307 10.1744
17 556 794 OH^-1 19.307 27.2842
0 53768 794 H3O^1 25.5955 2636.42
1 42647 794 OH^0 25.5955 2091.68
2 8724 794 OH^-1 25.5955 427.859
3 44419 794 e_aq^-1 25.5955 2177.89
4 10677 794 H^0 25.5955 523.436
5 7427 794 H_2^0 25.5955 364.051
6 13157 794 H2O2^0 25.5955 644.641
7 19 794 HO_2^0 25.5955 0.932324
8 41 794 HO_2^-1 25.5955 2.01468
10 711 794 O^-1 25.5955 34.8521
11 4 794 O_2^0 25.5955 0.197027
12 2 794 O_2^-1 25.5955 0.0972336
16 212 794 H3O^1 25.5955 10.3693
17 553 794 OH^-1 25.5955 27.1387
0 52921 794 H3O^1 33.9322 2594.93
1 41496 794 OH^0 33.9322 2035.29
2 9209 794 OH^-1 33.9322 451.632
3 43061 794 e_aq^-1 33.9322 2111.36
4 10735 794 H^0 33.9322 526.288
5 7633 794 H_2^0 33.9322 374.135
6 13275 794 H2O2^0 33.9322 650.429
7 19 794 HO_2^0 33.9322 0.930048
8 42 794 HO_2^-1 33.9322 2.06392
10 739 794 O^-1 33.9322 36.2071
11 4 794 O_2^0 33.9322 0.197027
12 1 794 O_2^-1 33.9322 0.0499521
16 211 794 H3O^1 33.9322 10.3176
17 547 794 OH^-1 33.9322 26.8468
0 52050 794 H3O^1 44.9843 2552.23
1 40370 794 OH^0 44.9843 1980.09
2 9687 794 OH^-1 44.9843 475.033
3 41687 794 e_aq^-1 44.9843 2044.03
4 10817 794 H^0 44.9843 530.304
5 7835 794 H_2^0 44.9843 384.022
6 13377 794 H2O2^0 44.9843 655.418
7 20 794 HO_2^0 44.9843 0.980002
8 41 794 HO_2^-1 44.9843 2.01032
10 772 794 O^-1 44.9843 37.8423
11 4 794 O_2^0 44.9843 0.197027
12 1 794 O_2^-1 44.9843 0.0499521
16 213 794 H3O^1 44.9843 10.4162
17 540 794 OH^-1 44.9843 26.502
0 51218 794 H3O^1 59.6362 2511.46
1 39337 794 OH^0 59.6362 1929.48
2 10120 794 OH^-1 59.6362 496.289
3 40399 794 e_aq^-1 59.6362 1980.9
4 10895 794 H^0 59.6362 534.133
5 8035 794 H_2^0 59.6362 393.822
6 13467 794 H2O2^0 59.6362 659.83
7 23 794 HO_2^0 59.6362 1.12621
8 43 794 HO_2^-1 59.6362 2.10618
10 799 794 O^-1 59.6362 39.1509
11 4 794 O_2^0 59.6362 0.196671
12 2 794 O_2^-1 59.6362 0.0997182
16 220 794 H3O^1 59.6362 10.7632
17 529 794 OH^-1 59.6362 25.9612
0 50401 794 H3O^1 79.0604 2471.4
1 38358 794 OH^0 79.0604 1881.49
2 10502 794 OH^-1 79.0604 515.012
3 39195 794 e_aq^-1 79.0604 1921.87
4 10962 794 H^0 79.0604 537.431
5 8212 794 H_2^0 79.0604 402.483
6 13556 794 H2O2^0 79.0604 664.188
7 24 794 HO_2^0 79.0604 1.17233
8 46 794 HO_2^-1 79.0604 2.24952
10 808 794 O^-1 79.0604 39.5886
11 4 794 O_2^0 79.0604 0.196671
12 2 794 O_2^-1 79.0604 0.0997182
16 226 794 H3O^1 79.0604 11.0561
17 520 794 OH^-1 79.0604 25.5195
0 49628 794 H3O^1 104.811 2433.53
1 37471 794 OH^0 104.811 1837.98
2 10863 794 OH^-1 104.811 532.759
3 38058 794 e_aq^-1 104.811 1866.12
4 11041 794 H^0 104.811 541.3
5 8395 794 H_2^0 104.811 411.449
6 13639 794 H2O2^0 104.811 668.253
7 27 794 HO_2^0 104.811 1.31939
8 49 794 HO_2^-1 104.811 2.39694
10 822 794 O^-1 104.811 40.277
11 4 794 O_2^0 104.811 0.196671
12 2 794 O_2^-1 104.811 0.099342
16 236 794 H3O^1 104.811 11.5482
17 504 794 OH^-1 104.811 24.7329
0 48901 794 H3O^1 138.949 2397.92
1 36618 794 OH^0 138.949 1796.19
2 11231 794 OH^-1 138.949 550.786
3 36970 794 e_aq^-1 138.949 1812.83
4 11096 794 H^0 138.949 543.981
5 8550 794 H_2^0 138.949 419.043
6 13695 794 H2O2^0 138.949 670.998
7 31 794 HO_2^0 138.949 1.51759
8 51 794 HO_2^-1 138.949 2.49752
10 824 794 O^-1 138.949 40.367
11 4 794 O_2^0 138.949 0.196671
12 2 794 O_2^-1 138.949 0.099342
16 237 794 H3O^1 138.949 11.6005
17 485 794 OH^-1 138.949 23.8004
0 48157 794 H3O^1 184.207 2361.45
1 35852 794 OH^0 184.207 1758.62
2 11562 794 OH^-1 184.207 567.023
3 35902 794 e_aq^-1 184.207 1760.46
4 11119 794 H^0 184.207 545.104
5 8733 794 H_2^0 184.207 428.032
6 13736 794 H2O2^0 184.207 673.017
7 30 794 HO_2^0 184.207 1.46823
8 50 794 HO_2^-1 184.207 2.44883
10 830 794 O^-1 184.207 40.6734
11 5 794 O_2^0 184.207 0.246295
12 2 794 O_2^-1 184.207 0.099342
16 232 794 H3O^1 184.207 11.3614
17 458 794 OH^-1 184.207 22.482
0 47494 794 H3O^1 244.205 2328.94
1 35084 794 OH^0 244.205 1720.95
2 11905 794 OH^-1 244.205 583.831
3 34916 794 e_aq^-1 244.205 1712.09
4 11144 794 H^0 244.205 546.322
5 8889 794 H_2^0 244.205 435.689
6 13804 794 H2O2^0 244.205 676.34
7 28 794 HO_2^0 244.205 1.37034
8 50 794 HO_2^-1 244.205 2.45282
10 816 794 O^-1 244.205 40.0092
11 5 794 O_2^0 244.205 0.246295
12 3 794 O_2^-1 244.205 0.146016
16 229 794 H3O^1 244.205 11.2085
17 437 794 OH^-1 244.205 21.452
0 46799 794 H3O^1 323.745 2294.88
1 34418 794 OH^0 323.745 1688.23
2 12172 794 OH^-1 323.745 596.954
3 33996 794 e_aq^-1 323.745 1666.97
4 11205 794 H^0 323.745 549.287
5 9027 794 H_2^0 323.745 442.469
6 13858 794 H2O2^0 323.745 679.014
7 28 794 HO_2^0 323.745 1.37421
8 49 794 HO_2^-1 323.745 2.39646
10 790 794 O^-1 323.745 38.7453
11 5 794 O_2^0 323.745 0.246295
12 4 794 O_2^-1 323.745 0.192136
16 220 794 H3O^1 323.745 10.7697
17 408 794 OH^-1 323.745 20.0336
0 46120 794 H3O^1 429.193 2261.64
1 33817 794 OH^0 429.193 1658.75
2 12459 794 OH^-1 429.193 611.051
3 33102 794 e_aq^-1 429.193 1623.15
4 11256 794 H^0 429.193 551.797
5 9164 794 H_2^0 429.193 449.166
6 13902 794 H2O2^0 429.193 681.173
7 27 794 HO_2^0 429.193 1.3251
8 42 794 HO_2^-1 429.193 2.05959
10 742 794 O^-1 429.193 36.3868
11 5 794 O_2^0 429.193 0.246295
12 7 794 O_2^-1 429.193 0.335447
16 205 794 H3O^1 429.193 10.0291
17 366 794 OH^-1 429.193 17.9834
0 45463 794 H3O^1 568.986 2229.4
1 33240 794 OH^0 568.986 1630.46
2 12658 794 OH^-1 568.986 620.772
3 32316 794 e_aq^-1 568.986 1584.62
4 11297 794 H^0 568.986 553.828
5 9274 794 H_2^0 568.986 454.558
6 13950 794 H2O2^0 568.986 683.53
7 27 794 HO_2^0 568.986 1.3251
8 39 794 HO_2^-1 568.986 1.90962
10 701 794 O^-1 568.986 34.3918
11 5 794 O_2^0 568.986 0.246295
12 8 794 O_2^-1 568.986 0.385444
16 171 794 H3O^1 568.986 8.36524
17 301 794 OH^-1 568.986 14.785
0 44837 794 H3O^1 754.311 2198.71
1 32739 794 OH^0 754.311 1605.92
2 12930 794 OH^-1 754.311 634.123
3 31533 794 e_aq^-1 754.311 1546.22
4 11347 794 H^0 754.311 556.292
5 9392 794 H_2^0 754.311 460.348
6 13994 794 H2O2^0 754.311 685.683
7 25 794 HO_2^0 754.311 1.22769
8 35 794 HO_2^-1 754.311 1.72013
10 622 794 O^-1 754.311 30.5106
11 5 794 O_2^0 754.311 0.246295
12 11 794 O_2^-1 754.311 0.532396
16 139 794 H3O^1 754.311 6.78978
17 229 794 OH^-1 754.311 11.2457
0 44173 794 H3O^1 999.999 2166.17
1 32242 794 OH^0 999.999 1581.57
2 13144 794 OH^-1 999.999 644.645
3 30811 794 e_aq^-1 999.999 1510.86
4 11392 794 H^0 999.999 558.503
5 9502 794 H_2^0 999.999 465.741
6 14069 794 H2O2^0 999.999 689.387
7 23 794 HO_2^0 999.999 1.12894
8 25 794 HO_2^-1 999.999 1.2258
10 532 794 O^-1 999.999 26.0721
11 5 794 O_2^0 999.999 0.246295
12 13 794 O_2^-1 999.999 0.631144
16 88 794 H3O^1 999.999 4.29591
17 119 794 OH^-1 999.999 5.84167

