         LET     9.17308      LET_SD   0.0542328
       H3O^1           0        OH^0           1       OH^-1           2     e_aq^-1           3         H^0           4       H_2^0           5      H2O2^0           6      HO_2^0           7     HO_2^-1           8        O^-1          10      O_2^-1          12       H3O^1          16       OH^-1          17
     2.33396   0.0432429     1.57062   0.0440767    0.806286   0.0269749     1.50828   0.0437091    0.761115    0.023056    0.683651   0.0221615     1.00882   0.0235276   0.0032255  0.00183758           0           0   0.0344738  0.00708276  0.00107527  0.00107527  0.00752699  0.00312871  0.00646303  0.00255026
         LET     5.21318      LET_SD   0.0213875
       H3O^1           0        OH^0           1       OH^-1           2     e_aq^-1           3         H^0           4       H_2^0           5      H2O2^0           6      HO_2^0           7     HO_2^-1           8        O^-1          10       O_2^0          11      O_2^-1          12       H3O^1          16       OH^-1          17
     2.67324   0.0370369      1.8771   0.0369299    0.850068   0.0201461     1.81226   0.0361507     0.69365   0.0183887    0.582128   0.0178648    0.871839   0.0170887  0.00256138  0.00126052  0.00128411  0.00090326   0.0320754  0.00532712 0.000642223 0.000642223           0           0  0.00641103   0.0021334  0.00576574   0.0018401
         LET     3.11214      LET_SD   0.0215856
       H3O^1           0        OH^0           1       OH^-1           2     e_aq^-1           3         H^0           4       H_2^0           5      H2O2^0           6      HO_2^0           7     HO_2^-1           8        O^-1          10      O_2^-1          12       H3O^1          16       OH^-1          17
      2.9635   0.0375658     2.27706   0.0443452    0.774341   0.0151523     2.18774   0.0360923    0.688783   0.0142414    0.539278   0.0146762    0.816837   0.0178514  0.00141542 0.000698881  0.00106606 0.000610385   0.0251912  0.00309935 0.000709959 0.000499939  0.00390947  0.00123643  0.00603988  0.00154059
         LET     1.92608      LET_SD   0.0141447
       H3O^1           0        OH^0           1       OH^-1           2     e_aq^-1           3         H^0           4       H_2^0           5      H2O2^0           6      HO_2^0           7     HO_2^-1           8        O^-1          10       O_2^0          11      O_2^-1          12       H3O^1          16       OH^-1          17
     3.08423    0.047076     2.46967    0.058387    0.745202   0.0180357     2.34332     0.04779    0.671423   0.0215461    0.516185   0.0166293    0.769753   0.0183577  0.00106983  0.00074857  0.00213843  0.00128768   0.0229809  0.00371108 0.000532825 0.000532825           0           0  0.00587744  0.00205795  0.00374772  0.00153106
         LET    0.991316      LET_SD  0.00603519
       H3O^1           0        OH^0           1       OH^-1           2     e_aq^-1           3         H^0           4       H_2^0           5      H2O2^0           6      HO_2^0           7     HO_2^-1           8        O^-1          10       O_2^0          11      O_2^-1          12       H3O^1          16       OH^-1          17
     3.12567   0.0399987     2.56508   0.0524348    0.668225   0.0131498     2.47527   0.0434962    0.651861   0.0122692    0.484857    0.013057    0.748517   0.0162348  0.00120817 0.000587065  0.00120828 0.000587122   0.0154041  0.00192073 0.000603745 0.000422942 0.000302378 0.000302378  0.00392583 0.000960262  0.00482689  0.00119189
         LET    0.504909      LET_SD  0.00633981
       H3O^1           0        OH^0           1       OH^-1           2     e_aq^-1           3         H^0           4       H_2^0           5      H2O2^0           6      HO_2^0           7     HO_2^-1           8        O^-1          10       O_2^0          11      O_2^-1          12       H3O^1          16       OH^-1          17
     3.21267   0.0536601     2.74583    0.059953    0.600233   0.0125795      2.6329   0.0567717    0.634606   0.0128141    0.463336   0.0162908     0.70735   0.0166706 0.000941509 0.000456974 0.000940635 0.000456551   0.0160038  0.00191204 0.000235515 0.000235515 0.000470402  0.00032941  0.00258744 0.000777193  0.00611467  0.00123961
         LET    0.176922      LET_SD  0.00185315
       H3O^1           0        OH^0           1       OH^-1           2     e_aq^-1           3         H^0           4       H_2^0           5      H2O2^0           6      HO_2^0           7     HO_2^-1           8        O^-1          10      O_2^-1          12       H3O^1          16       OH^-1          17
     3.17633   0.0422508     2.70848   0.0545046    0.590565   0.0107215     2.60847   0.0471127    0.625444   0.0115231    0.479656   0.0113264    0.723116   0.0153512  0.00120329 0.000430198  0.00171927 0.000607856   0.0168516  0.00222485 0.000858721 0.000370313   0.0034401 0.000797043    0.004813 0.000857654
