0 67274 10 H3O^1 0.001 39.6208
1 89119 10 OH^0 0.001 52.4841
2 1675 10 OH^-1 0.001 0.985879
3 65552 10 e_aq^-1 0.001 38.6073
4 15124 10 H^0 0.001 8.90476
5 5907 10 H_2^0 0.001 3.47722
6 1655 10 H2O2^0 0.001 0.973267
7 0 10 HO_2^0 0.001 0
8 0 10 HO_2^-1 0.001 0
10 54 10 O^-1 0.001 0.0317541
11 0 10 O_2^0 0.001 0
12 0 10 O_2^-1 0.001 0
16 110 10 H3O^1 0.001 0.0648815
17 190 10 OH^-1 0.001 0.111915
0 67274 10 H3O^1 0.00132571 39.6208
1 89119 10 OH^0 0.00132571 52.4841
2 1675 10 OH^-1 0.00132571 0.985879
3 65552 10 e_aq^-1 0.00132571 38.6073
4 15124 10 H^0 0.00132571 8.90476
5 5907 10 H_2^0 0.00132571 3.47722
6 1655 10 H2O2^0 0.00132571 0.973267
7 0 10 HO_2^0 0.00132571 0
8 0 10 HO_2^-1 0.00132571 0
10 54 10 O^-1 0.00132571 0.0317541
11 0 10 O_2^0 0.00132571 0
12 0 10 O_2^-1 0.00132571 0
16 110 10 H3O^1 0.00132571 0.0648815
17 190 10 OH^-1 0.00132571 0.111915
0 67223 10 H3O^1 0.00175751 39.5908
1 88495 10 OH^0 0.00175751 52.1164
2 1682 10 OH^-1 0.00175751 0.990054
3 65491 10 e_aq^-1 0.00175751 38.5714
4 15071 10 H^0 0.00175751 8.87347
5 5918 10 H_2^0 0.00175751 3.4837
6 1894 10 H2O2^0 0.00175751 1.11444
7 0 10 HO_2^0 0.00175751 0
8 0 10 HO_2^-1 0.00175751 0
10 54 10 O^-1 0.00175751 0.0317541
11 0 10 O_2^0 0.00175751 0
12 0 10 O_2^-1 0.00175751 0
16 110 10 H3O^1 0.00175751 0.0648815
17 190 10 OH^-1 0.00175751 0.111915
0 67211 10 H3O^1 0.00232995 39.5837
1 88495 10 OH^0 0.00232995 52.1164
2 1681 10 OH^-1 0.00232995 0.989441
3 65480 10 e_aq^-1 0.00232995 38.5648
4 15055 10 H^0 0.00232995 8.86415
5 5918 10 H_2^0 0.00232995 3.4837
6 1924 10 H2O2^0 0.00232995 1.13173
7 0 10 HO_2^0 0.00232995 0
8 0 10 HO_2^-1 0.00232995 0
10 61 10 O^-1 0.00232995 0.0358434
11 0 10 O_2^0 0.00232995 0
12 0 10 O_2^-1 0.00232995 0
16 110 10 H3O^1 0.00232995 0.0648815
17 190 10 OH^-1 0.00232995 0.111915
0 67160 10 H3O^1 0.00308884 39.5535
1 87868 10 OH^0 0.00308884 51.7468
2 1676 10 OH^-1 0.00308884 0.98651
3 65417 10 e_aq^-1 0.00308884 38.5276
4 15010 10 H^0 0.00308884 8.83785
5 5929 10 H_2^0 0.00308884 3.49017
6 2153 10 H2O2^0 0.00308884 1.2667
7 0 10 HO_2^0 0.00308884 0
8 0 10 HO_2^-1 0.00308884 0
10 69 10 O^-1 0.00308884 0.0405313
11 0 10 O_2^0 0.00308884 0
12 0 10 O_2^-1 0.00308884 0
16 110 10 H3O^1 0.00308884 0.0648815
17 190 10 OH^-1 0.00308884 0.111915
0 67128 10 H3O^1 0.00409491 39.5345
1 87492 10 OH^0 0.00409491 51.5255
2 1702 10 OH^-1 0.00409491 1.00182
3 65341 10 e_aq^-1 0.00409491 38.4828
4 14975 10 H^0 0.00409491 8.81743
5 5941 10 H_2^0 0.00409491 3.4973
6 2328 10 H2O2^0 0.00409491 1.36987
7 0 10 HO_2^0 0.00409491 0
8 0 10 HO_2^-1 0.00409491 0
10 71 10 O^-1 0.00409491 0.0417082
11 0 10 O_2^0 0.00409491 0
12 0 10 O_2^-1 0.00409491 0
16 110 10 H3O^1 0.00409491 0.0648815
17 190 10 OH^-1 0.00409491 0.111915
0 67053 10 H3O^1 0.00542867 39.4904
1 86892 10 OH^0 0.00542867 51.1718
2 1721 10 OH^-1 0.00542867 1.01292
3 65264 10 e_aq^-1 0.00542867 38.4375
4 14918 10 H^0 0.00542867 8.78372
5 5957 10 H_2^0 0.00542867 3.50665
6 2546 10 H2O2^0 0.00542867 1.49836
7 0 10 HO_2^0 0.00542867 0
8 0 10 HO_2^-1 0.00542867 0
10 73 10 O^-1 0.00542867 0.042879
11 0 10 O_2^0 0.00542867 0
12 0 10 O_2^-1 0.00542867 0
16 110 10 H3O^1 0.00542867 0.0648815
17 190 10 OH^-1 0.00542867 0.111915
0 66995 10 H3O^1 0.00719686 39.4562
1 86291 10 OH^0 0.00719686 50.8184
2 1757 10 OH^-1 0.00719686 1.03451
3 65172 10 e_aq^-1 0.00719686 38.383
4 14853 10 H^0 0.00719686 8.74564
5 5969 10 H_2^0 0.00719686 3.51385
6 2806 10 H2O2^0 0.00719686 1.6514
7 0 10 HO_2^0 0.00719686 0
8 0 10 HO_2^-1 0.00719686 0
10 77 10 O^-1 0.00719686 0.0451771
11 0 10 O_2^0 0.00719686 0
12 0 10 O_2^-1 0.00719686 0
16 110 10 H3O^1 0.00719686 0.0648815
17 190 10 OH^-1 0.00719686 0.111915
0 66928 10 H3O^1 0.00954095 39.4169
1 85498 10 OH^0 0.00954095 50.3518
2 1798 10 OH^-1 0.00954095 1.05857
3 65055 10 e_aq^-1 0.00954095 38.3143
4 14765 10 H^0 0.00954095 8.69393
5 5992 10 H_2^0 0.00954095 3.52732
6 3108 10 H2O2^0 0.00954095 1.82899
7 0 10 HO_2^0 0.00954095 0
8 0 10 HO_2^-1 0.00954095 0
10 80 10 O^-1 0.00954095 0.0469841
11 0 10 O_2^0 0.00954095 0
12 0 10 O_2^-1 0.00954095 0
16 110 10 H3O^1 0.00954095 0.0648815
17 190 10 OH^-1 0.00954095 0.111915
0 66842 10 H3O^1 0.0126485 39.3663
1 84607 10 OH^0 0.0126485 49.8278
2 1818 10 OH^-1 0.0126485 1.07045
3 64945 10 e_aq^-1 0.0126485 38.2496
4 14664 10 H^0 0.0126485 8.63442
5 6005 10 H_2^0 0.0126485 3.53501
6 3466 10 H2O2^0 0.0126485 2.03966
7 0 10 HO_2^0 0.0126485 0
8 0 10 HO_2^-1 0.0126485 0
10 87 10 O^-1 0.0126485 0.0510435
11 0 10 O_2^0 0.0126485 0
12 0 10 O_2^-1 0.0126485 0
16 110 10 H3O^1 0.0126485 0.0648815
17 190 10 OH^-1 0.0126485 0.111915
0 66745 10 H3O^1 0.0167683 39.3092
1 83544 10 OH^0 0.0167683 49.2021
2 1875 10 OH^-1 0.0167683 1.10398
3 64780 10 e_aq^-1 0.0167683 38.1524
4 14521 10 H^0 0.0167683 8.55039
5 6026 10 H_2^0 0.0167683 3.54726
6 3852 10 H2O2^0 0.0167683 2.26703
7 0 10 HO_2^0 0.0167683 0
8 0 10 HO_2^-1 0.0167683 0
10 93 10 O^-1 0.0167683 0.05459
11 0 10 O_2^0 0.0167683 0
12 0 10 O_2^-1 0.0167683 0
16 110 10 H3O^1 0.0167683 0.0648815
17 190 10 OH^-1 0.0167683 0.111915
0 66616 10 H3O^1 0.02223 39.2335
1 82334 10 OH^0 0.02223 48.4884
2 1936 10 OH^-1 0.02223 1.13983
3 64585 10 e_aq^-1 0.02223 38.0378
4 14384 10 H^0 0.02223 8.4693
5 6064 10 H_2^0 0.02223 3.56958
6 4333 10 H2O2^0 0.02223 2.55029
7 0 10 HO_2^0 0.02223 0
8 0 10 HO_2^-1 0.02223 0
10 100 10 O^-1 0.02223 0.0587709
11 0 10 O_2^0 0.02223 0
12 0 10 O_2^-1 0.02223 0
16 110 10 H3O^1 0.02223 0.0648815
17 190 10 OH^-1 0.02223 0.111915
0 66449 10 H3O^1 0.0294705 39.1348
1 80961 10 OH^0 0.0294705 47.681
2 1986 10 OH^-1 0.0294705 1.16933
3 64358 10 e_aq^-1 0.0294705 37.9038
4 14206 10 H^0 0.0294705 8.36444
5 6094 10 H_2^0 0.0294705 3.58732
6 4838 10 H2O2^0 0.0294705 2.8471
7 0 10 HO_2^0 0.0294705 0
8 0 10 HO_2^-1 0.0294705 0
10 111 10 O^-1 0.0294705 0.0652641
11 0 10 O_2^0 0.0294705 0
12 0 10 O_2^-1 0.0294705 0
16 110 10 H3O^1 0.0294705 0.0648815
17 190 10 OH^-1 0.0294705 0.111915
0 66278 10 H3O^1 0.0390694 39.034
1 79422 10 OH^0 0.0390694 46.7754
2 2067 10 OH^-1 0.0390694 1.21678
3 64099 10 e_aq^-1 0.0390694 37.7514
4 14004 10 H^0 0.0390694 8.24562
5 6140 10 H_2^0 0.0390694 3.61432
6 5410 10 H2O2^0 0.0390694 3.18352
7 0 10 HO_2^0 0.0390694 0
8 0 10 HO_2^-1 0.0390694 0
10 115 10 O^-1 0.0390694 0.0676747
11 0 10 O_2^0 0.0390694 0
12 0 10 O_2^-1 0.0390694 0
16 110 10 H3O^1 0.0390694 0.0648815
17 190 10 OH^-1 0.0390694 0.111915
0 66031 10 H3O^1 0.0517947 38.8886
1 77554 10 OH^0 0.0517947 45.674
2 2180 10 OH^-1 0.0517947 1.28354
3 63727 10 e_aq^-1 0.0517947 37.5321
4 13785 10 H^0 0.0517947 8.11648
5 6186 10 H_2^0 0.0517947 3.64141
6 6097 10 H2O2^0 0.0517947 3.58859
7 0 10 HO_2^0 0.0517947 0
8 0 10 HO_2^-1 0.0517947 0
10 124 10 O^-1 0.0517947 0.07304
11 0 10 O_2^0 0.0517947 0
12 0 10 O_2^-1 0.0517947 0
16 110 10 H3O^1 0.0517947 0.0648815
17 190 10 OH^-1 0.0517947 0.111915
0 65707 10 H3O^1 0.0686649 38.698
1 75428 10 OH^0 0.0686649 44.4214
2 2240 10 OH^-1 0.0686649 1.31887
3 63347 10 e_aq^-1 0.0686649 37.3085
4 13537 10 H^0 0.0686649 7.97071
5 6234 10 H_2^0 0.0686649 3.66959
6 6889 10 H2O2^0 0.0686649 4.05533
7 0 10 HO_2^0 0.0686649 0
8 0 10 HO_2^-1 0.0686649 0
10 126 10 O^-1 0.0686649 0.0742636
11 0 10 O_2^0 0.0686649 0
12 0 10 O_2^-1 0.0686649 0
16 110 10 H3O^1 0.0686649 0.0648815
17 190 10 OH^-1 0.0686649 0.111915
0 65344 10 H3O^1 0.0910298 38.4844
1 73011 10 OH^0 0.0910298 42.9972
2 2395 10 OH^-1 0.0910298 1.41042
3 62817 10 e_aq^-1 0.0910298 36.9963
4 13265 10 H^0 0.0910298 7.80988
5 6311 10 H_2^0 0.0910298 3.715
6 7775 10 H2O2^0 0.0910298 4.57732
7 0 10 HO_2^0 0.0910298 0
8 0 10 HO_2^-1 0.0910298 0
10 137 10 O^-1 0.0910298 0.0807684
11 0 10 O_2^0 0.0910298 0
12 0 10 O_2^-1 0.0910298 0
16 110 10 H3O^1 0.0910298 0.0648815
17 190 10 OH^-1 0.0910298 0.111915
0 64912 10 H3O^1 0.120679 38.2297
1 70420 10 OH^0 0.120679 41.4724
2 2537 10 OH^-1 0.120679 1.49441
3 62233 10 e_aq^-1 0.120679 36.6517
4 12970 10 H^0 0.120679 7.63672
5 6398 10 H_2^0 0.120679 3.76619
6 8711 10 H2O2^0 0.120679 5.12799
7 0 10 HO_2^0 0.120679 0
8 0 10 HO_2^-1 0.120679 0
10 148 10 O^-1 0.120679 0.0871333
11 0 10 O_2^0 0.120679 0
12 0 10 O_2^-1 0.120679 0
16 110 10 H3O^1 0.120679 0.0648815
17 190 10 OH^-1 0.120679 0.111915
0 64398 10 H3O^1 0.159986 37.9266
1 67504 10 OH^0 0.159986 39.7565
2 2770 10 OH^-1 0.159986 1.63119
3 61480 10 e_aq^-1 0.159986 36.2083
4 12649 10 H^0 0.159986 7.44798
5 6504 10 H_2^0 0.159986 3.82862
6 9735 10 H2O2^0 0.159986 5.73044
7 1 10 HO_2^0 0.159986 0.000603853
8 0 10 HO_2^-1 0.159986 0
10 153 10 O^-1 0.159986 0.0901546
11 0 10 O_2^0 0.159986 0
12 0 10 O_2^-1 0.159986 0
16 110 10 H3O^1 0.159986 0.0648815
17 190 10 OH^-1 0.159986 0.111915
0 63719 10 H3O^1 0.212095 37.527
1 64538 10 OH^0 0.212095 38.0091
2 2963 10 OH^-1 0.212095 1.74505
3 60596 10 e_aq^-1 0.212095 35.6877
4 12389 10 H^0 0.212095 7.29487
5 6624 10 H_2^0 0.212095 3.89908
6 10758 10 H2O2^0 0.212095 6.33311
7 1 10 HO_2^0 0.212095 0.000603853
8 0 10 HO_2^-1 0.212095 0
10 166 10 O^-1 0.212095 0.0977279
11 0 10 O_2^0 0.212095 0
12 0 10 O_2^-1 0.212095 0
16 110 10 H3O^1 0.212095 0.0648815
17 190 10 OH^-1 0.212095 0.111915
0 62864 10 H3O^1 0.281177 37.0235
1 61359 10 OH^0 0.281177 36.1342
2 3089 10 OH^-1 0.281177 1.81883
3 59607 10 e_aq^-1 0.281177 35.1058
4 12136 10 H^0 0.281177 7.14484
5 6770 10 H_2^0 0.281177 3.98489
6 11866 10 H2O2^0 0.281177 6.98654
7 2 10 HO_2^0 0.281177 0.00118279
8 1 10 HO_2^-1 0.281177 0.000600864
10 174 10 O^-1 0.281177 0.102453
11 0 10 O_2^0 0.281177 0
12 0 10 O_2^-1 0.281177 0
16 110 10 H3O^1 0.281177 0.0648815
17 190 10 OH^-1 0.281177 0.111915
0 61921 10 H3O^1 0.372759 36.4672
1 57893 10 OH^0 0.372759 34.0935
2 3368 10 OH^-1 0.372759 1.98211
3 58359 10 e_aq^-1 0.372759 34.3708
4 11872 10 H^0 0.372759 6.98964
5 6935 10 H_2^0 0.372759 4.08205
6 12995 10 H2O2^0 0.372759 7.65121
7 2 10 HO_2^0 0.372759 0.00118279
8 2 10 HO_2^-1 0.372759 0.00120173
10 198 10 O^-1 0.372759 0.116719
11 0 10 O_2^0 0.372759 0
12 0 10 O_2^-1 0.372759 0
16 110 10 H3O^1 0.372759 0.0648815
17 190 10 OH^-1 0.372759 0.111915
0 60800 10 H3O^1 0.494171 35.8072
1 54469 10 OH^0 0.494171 32.0795
2 3595 10 OH^-1 0.494171 2.11611
3 56981 10 e_aq^-1 0.494171 33.5591
4 11638 10 H^0 0.494171 6.85201
5 7139 10 H_2^0 0.494171 4.20218
6 14088 10 H2O2^0 0.494171 8.2937
7 3 10 HO_2^0 0.494171 0.0017773
8 5 10 HO_2^-1 0.494171 0.00297549
10 226 10 O^-1 0.494171 0.133147
11 0 10 O_2^0 0.494171 0
12 0 10 O_2^-1 0.494171 0
16 110 10 H3O^1 0.494171 0.0648815
17 190 10 OH^-1 0.494171 0.111915
0 59505 10 H3O^1 0.655128 35.0449
1 51066 10 OH^0 0.655128 30.0755
2 3843 10 OH^-1 0.655128 2.26254
3 55405 10 e_aq^-1 0.655128 32.6312
4 11522 10 H^0 0.655128 6.78353
5 7366 10 H_2^0 0.655128 4.33577
6 15146 10 H2O2^0 0.655128 8.91685
7 8 10 HO_2^0 0.655128 0.0047063
8 6 10 HO_2^-1 0.655128 0.00355179
10 259 10 O^-1 0.655128 0.152362
11 0 10 O_2^0 0.655128 0
12 0 10 O_2^-1 0.655128 0
16 110 10 H3O^1 0.655128 0.0648815
17 190 10 OH^-1 0.655128 0.111915
0 57961 10 H3O^1 0.868511 34.1353
1 47580 10 OH^0 0.868511 28.0226
2 4145 10 OH^-1 0.868511 2.44007
3 53521 10 e_aq^-1 0.868511 31.5218
4 11431 10 H^0 0.868511 6.73035
5 7670 10 H_2^0 0.868511 4.51484
6 16179 10 H2O2^0 0.868511 9.52546
7 9 10 HO_2^0 0.868511 0.00531016
8 9 10 HO_2^-1 0.868511 0.00532318
10 294 10 O^-1 0.868511 0.17291
11 2 10 O_2^0 0.868511 0.00118015
12 0 10 O_2^-1 0.868511 0
16 111 10 H3O^1 0.868511 0.0654823
17 189 10 OH^-1 0.868511 0.111303
0 56302 10 H3O^1 1.15139 33.1589
1 44178 10 OH^0 1.15139 26.0197
2 4412 10 OH^-1 1.15139 2.59795
3 51558 10 e_aq^-1 1.15139 30.3656
4 11356 10 H^0 1.15139 6.68748
5 7968 10 H_2^0 1.15139 4.69003
6 17134 10 H2O2^0 1.15139 10.0877
7 13 10 HO_2^0 1.15139 0.00769822
8 10 10 HO_2^-1 1.15139 0.00590557
10 330 10 O^-1 1.15139 0.194229
11 2 10 O_2^0 1.15139 0.00118015
12 0 10 O_2^-1 1.15139 0
16 111 10 H3O^1 1.15139 0.0654823
17 189 10 OH^-1 1.15139 0.111303
0 54425 10 H3O^1 1.52642 32.0537
1 40972 10 OH^0 1.52642 24.1318
2 4679 10 OH^-1 1.52642 2.75507
3 49362 10 e_aq^-1 1.52642 29.0729
4 11372 10 H^0 1.52642 6.69657
5 8306 10 H_2^0 1.52642 4.88906
6 17949 10 H2O2^0 1.52642 10.5677
7 18 10 HO_2^0 1.52642 0.0106645
8 12 10 HO_2^-1 1.52642 0.00709191
10 380 10 O^-1 1.52642 0.223405
11 2 10 O_2^0 1.52642 0.00118015
12 1 10 O_2^-1 1.52642 0.000594503
16 111 10 H3O^1 1.52642 0.0654823
17 189 10 OH^-1 1.52642 0.111303
0 52405 10 H3O^1 2.02359 30.8648
1 37890 10 OH^0 2.02359 22.3156
2 5006 10 OH^-1 2.02359 2.94752
3 46959 10 e_aq^-1 2.02359 27.6583
4 11379 10 H^0 2.02359 6.69989
5 8703 10 H_2^0 2.02359 5.12303
6 18648 10 H2O2^0 2.02359 10.9798
7 21 10 HO_2^0 2.02359 0.0124065
8 20 10 HO_2^-1 2.02359 0.0118522
10 426 10 O^-1 2.02359 0.25073
11 4 10 O_2^0 2.02359 0.00238188
12 2 10 O_2^-1 2.02359 0.00120694
16 111 10 H3O^1 2.02359 0.0654823
17 189 10 OH^-1 2.02359 0.111303
0 50202 10 H3O^1 2.68269 29.5678
1 34883 10 OH^0 2.68269 20.5447
2 5326 10 OH^-1 2.68269 3.13562
3 44371 10 e_aq^-1 2.68269 26.1347
4 11371 10 H^0 2.68269 6.69584
5 9131 10 H_2^0 2.68269 5.37482
6 19240 10 H2O2^0 2.68269 11.3287
7 24 10 HO_2^0 2.68269 0.0141389
8 25 10 HO_2^-1 2.68269 0.0148033
10 486 10 O^-1 2.68269 0.286252
11 5 10 O_2^0 2.68269 0.00297638
12 2 10 O_2^-1 2.68269 0.00120694
16 111 10 H3O^1 2.68269 0.0654823
17 188 10 OH^-1 2.68269 0.110732
0 47920 10 H3O^1 3.55648 28.2235
1 32195 10 OH^0 3.55648 18.9629
2 5715 10 OH^-1 3.55648 3.36408
3 41675 10 e_aq^-1 3.55648 24.5472
4 11434 10 H^0 3.55648 6.734
5 9575 10 H_2^0 3.55648 5.63617
6 19689 10 H2O2^0 3.55648 11.5931
7 29 10 HO_2^0 3.55648 0.0170805
8 27 10 HO_2^-1 3.55648 0.0159526
10 511 10 O^-1 3.55648 0.30106
11 6 10 O_2^0 3.55648 0.00357088
12 1 10 O_2^-1 3.55648 0.000600864
16 111 10 H3O^1 3.55648 0.0654823
17 188 10 OH^-1 3.55648 0.110732
0 45538 10 H3O^1 4.71486 26.8212
1 29616 10 OH^0 4.71486 17.4439
2 6046 10 OH^-1 4.71486 3.56092
3 38922 10 e_aq^-1 4.71486 22.9245
4 11443 10 H^0 4.71486 6.73958
5 10066 10 H_2^0 4.71486 5.92547
6 20074 10 H2O2^0 4.71486 11.8196
7 29 10 HO_2^0 4.71486 0.0170299
8 32 10 HO_2^-1 4.71486 0.0189311
10 547 10 O^-1 4.71486 0.322227
11 7 10 O_2^0 4.71486 0.00417175
12 0 10 O_2^-1 4.71486 0
16 111 10 H3O^1 4.71486 0.0654823
17 188 10 OH^-1 4.71486 0.110732
0 42939 10 H3O^1 6.25055 25.2913
1 27118 10 OH^0 6.25055 15.9739
2 6354 10 OH^-1 6.25055 3.74243
3 35967 10 e_aq^-1 6.25055 21.1851
4 11514 10 H^0 6.25055 6.78136
5 10603 10 H_2^0 6.25055 6.24174
6 20384 10 H2O2^0 6.25055 12.002
7 37 10 HO_2^0 6.25055 0.0217852
8 31 10 HO_2^-1 6.25055 0.0183687
10 597 10 O^-1 6.25055 0.351368
11 6 10 O_2^0 6.25055 0.00357088
12 0 10 O_2^-1 6.25055 0
16 114 10 H3O^1 6.25055 0.0672069
17 187 10 OH^-1 6.25055 0.110138
0 40404 10 H3O^1 8.28642 23.798
1 24995 10 OH^0 8.28642 14.7224
2 6723 10 OH^-1 8.28642 3.95933
3 32990 10 e_aq^-1 8.28642 19.4318
4 11602 10 H^0 8.28642 6.83284
5 11169 10 H_2^0 8.28642 6.57514
6 20522 10 H2O2^0 8.28642 12.0837
7 39 10 HO_2^0 8.28642 0.0229561
8 36 10 HO_2^-1 8.28642 0.0213126
10 664 10 O^-1 8.28642 0.390908
11 7 10 O_2^0 8.28642 0.00417439
12 1 10 O_2^-1 8.28642 0.000594503
16 114 10 H3O^1 8.28642 0.0672069
17 187 10 OH^-1 8.28642 0.110138
0 37875 10 H3O^1 10.9854 22.3085
1 23069 10 OH^0 10.9854 13.5868
2 6920 10 OH^-1 10.9854 4.07433
3 30222 10 e_aq^-1 10.9854 17.8028
4 11587 10 H^0 10.9854 6.82414
5 11691 10 H_2^0 10.9854 6.88182
6 20578 10 H2O2^0 10.9854 12.1175
7 44 10 HO_2^0 10.9854 0.0258618
8 45 10 HO_2^-1 10.9854 0.0266098
10 696 10 O^-1 10.9854 0.409584
11 8 10 O_2^0 10.9854 0.00477771
12 3 10 O_2^-1 10.9854 0.00173475
16 115 10 H3O^1 10.9854 0.0677763
17 186 10 OH^-1 10.9854 0.109534
0 35414 10 H3O^1 14.5635 20.8594
1 21245 10 OH^0 14.5635 12.5126
2 7212 10 OH^-1 14.5635 4.24685
3 27409 10 e_aq^-1 14.5635 16.1458
4 11549 10 H^0 14.5635 6.80235
5 12259 10 H_2^0 14.5635 7.21613
6 20584 10 H2O2^0 14.5635 12.1209
7 49 10 HO_2^0 14.5635 0.0288649
8 52 10 HO_2^-1 14.5635 0.0307124
10 748 10 O^-1 14.5635 0.440305
11 12 10 O_2^0 14.5635 0.00708117
12 3 10 O_2^-1 14.5635 0.00173632
16 116 10 H3O^1 14.5635 0.0683456
17 186 10 OH^-1 14.5635 0.109534
0 33059 10 H3O^1 19.307 19.4733
1 19636 10 OH^0 19.307 11.5645
2 7454 10 OH^-1 19.307 4.38969
3 24751 10 e_aq^-1 19.307 14.5807
4 11505 10 H^0 19.307 6.77689
5 12796 10 H_2^0 19.307 7.53195
6 20532 10 H2O2^0 19.307 12.0904
7 48 10 HO_2^0 19.307 0.0283153
8 57 10 HO_2^-1 19.307 0.0336692
10 800 10 O^-1 19.307 0.47108
11 17 10 O_2^0 19.307 0.00999096
12 5 10 O_2^-1 19.307 0.00290712
16 116 10 H3O^1 19.307 0.0683405
17 185 10 OH^-1 19.307 0.108933
0 30873 10 H3O^1 25.5955 18.1864
1 18120 10 OH^0 25.5955 10.6725
2 7639 10 OH^-1 25.5955 4.49904
3 22300 10 e_aq^-1 25.5955 13.1375
4 11392 10 H^0 25.5955 6.71071
5 13328 10 H_2^0 25.5955 7.84544
6 20479 10 H2O2^0 25.5955 12.0593
7 54 10 HO_2^0 25.5955 0.03183
8 73 10 HO_2^-1 25.5955 0.0431172
10 867 10 O^-1 25.5955 0.510419
11 19 10 O_2^0 25.5955 0.0112051
12 4 10 O_2^-1 25.5955 0.00230566
16 116 10 H3O^1 25.5955 0.0683405
17 182 10 OH^-1 25.5955 0.107171
0 28694 10 H3O^1 33.9322 16.9032
1 16774 10 OH^0 33.9322 9.88002
2 7702 10 OH^-1 33.9322 4.53649
3 20055 10 e_aq^-1 33.9322 11.8149
4 11244 10 H^0 33.9322 6.62302
5 13802 10 H_2^0 33.9322 8.12495
6 20415 10 H2O2^0 33.9322 12.0212
7 58 10 HO_2^0 33.9322 0.0342729
8 74 10 HO_2^-1 33.9322 0.0436585
10 867 10 O^-1 33.9322 0.510718
11 19 10 O_2^0 33.9322 0.0111926
12 9 10 O_2^-1 33.9322 0.00520332
16 119 10 H3O^1 33.9322 0.0701598
17 179 10 OH^-1 33.9322 0.105378
0 26704 10 H3O^1 44.9843 15.7315
1 15539 10 OH^0 44.9843 9.15294
2 7716 10 OH^-1 44.9843 4.54564
3 18024 10 e_aq^-1 44.9843 10.6183
4 11062 10 H^0 44.9843 6.51666
5 14226 10 H_2^0 44.9843 8.3745
6 20326 10 H2O2^0 44.9843 11.9687
7 58 10 HO_2^0 44.9843 0.0343345
8 86 10 HO_2^-1 44.9843 0.050687
10 881 10 O^-1 44.9843 0.518876
11 20 10 O_2^0 44.9843 0.011775
12 11 10 O_2^-1 44.9843 0.00639392
16 123 10 H3O^1 44.9843 0.0725725
17 177 10 OH^-1 44.9843 0.104223
0 24884 10 H3O^1 59.6362 14.6596
1 14408 10 OH^0 59.6362 8.488
2 7728 10 OH^-1 59.6362 4.55268
3 16181 10 e_aq^-1 59.6362 9.5329
4 10845 10 H^0 59.6362 6.38898
5 14628 10 H_2^0 59.6362 8.61141
6 20252 10 H2O2^0 59.6362 11.9247
7 61 10 HO_2^0 59.6362 0.036104
8 87 10 HO_2^-1 59.6362 0.0512841
10 891 10 O^-1 59.6362 0.52464
11 22 10 O_2^0 59.6362 0.0129584
12 9 10 O_2^-1 59.6362 0.00523905
16 128 10 H3O^1 59.6362 0.075478
17 176 10 OH^-1 59.6362 0.103652
0 23313 10 H3O^1 79.0604 13.7339
1 13452 10 OH^0 79.0604 7.92492
2 7669 10 OH^-1 79.0604 4.51748
3 14637 10 e_aq^-1 79.0604 8.62327
4 10573 10 H^0 79.0604 6.22823
5 14993 10 H_2^0 79.0604 8.82666
6 20157 10 H2O2^0 79.0604 11.8684
7 66 10 HO_2^0 79.0604 0.0390698
8 103 10 HO_2^-1 79.0604 0.0608186
10 906 10 O^-1 79.0604 0.53367
11 20 10 O_2^0 79.0604 0.011797
12 11 10 O_2^-1 79.0604 0.00640467
16 129 10 H3O^1 79.0604 0.0761136
17 171 10 OH^-1 79.0604 0.100729
0 21791 10 H3O^1 104.811 12.8375
1 12598 10 OH^0 104.811 7.42181
2 7602 10 OH^-1 104.811 4.47712
3 13166 10 e_aq^-1 104.811 7.75777
4 10356 10 H^0 104.811 6.10129
5 15326 10 H_2^0 104.811 9.02248
6 20057 10 H2O2^0 104.811 11.8102
7 68 10 HO_2^0 104.811 0.0402021
8 103 10 HO_2^-1 104.811 0.0607961
10 924 10 O^-1 104.811 0.54438
11 22 10 O_2^0 104.811 0.0129688
12 11 10 O_2^-1 104.811 0.00640983
16 131 10 H3O^1 104.811 0.0772583
17 165 10 OH^-1 104.811 0.0971964
0 20404 10 H3O^1 138.949 12.0203
1 11823 10 OH^0 138.949 6.96472
2 7480 10 OH^-1 138.949 4.40492
3 11896 10 e_aq^-1 138.949 7.00975
4 10148 10 H^0 138.949 5.97896
5 15605 10 H_2^0 138.949 9.18701
6 19965 10 H2O2^0 138.949 11.7566
7 77 10 HO_2^0 138.949 0.0454873
8 97 10 HO_2^-1 138.949 0.0573126
10 929 10 O^-1 138.949 0.547218
11 23 10 O_2^0 138.949 0.0135504
12 16 10 O_2^-1 138.949 0.00938812
16 135 10 H3O^1 138.949 0.0796134
17 163 10 OH^-1 138.949 0.096035
0 19160 10 H3O^1 184.207 11.2888
1 11237 10 OH^0 184.207 6.6196
2 7435 10 OH^-1 184.207 4.37985
3 10714 10 e_aq^-1 184.207 6.31336
4 9880 10 H^0 184.207 5.82073
5 15899 10 H_2^0 184.207 9.36047
6 19835 10 H2O2^0 184.207 11.68
7 77 10 HO_2^0 184.207 0.0454079
8 90 10 HO_2^-1 184.207 0.0531726
10 915 10 O^-1 184.207 0.539013
11 23 10 O_2^0 184.207 0.0135838
12 20 10 O_2^-1 184.207 0.0117626
16 138 10 H3O^1 184.207 0.0814364
17 159 10 OH^-1 184.207 0.0936475
0 18041 10 H3O^1 244.205 10.6298
1 10723 10 OH^0 244.205 6.31685
2 7378 10 OH^-1 244.205 4.34608
3 9673 10 e_aq^-1 244.205 5.70075
4 9668 10 H^0 244.205 5.69563
5 16158 10 H_2^0 244.205 9.51315
6 19730 10 H2O2^0 244.205 11.6186
7 72 10 HO_2^0 244.205 0.0423884
8 92 10 HO_2^-1 244.205 0.0542613
10 886 10 O^-1 244.205 0.521869
11 28 10 O_2^0 244.205 0.0165729
12 23 10 O_2^-1 244.205 0.0135445
16 138 10 H3O^1 244.205 0.0814776
17 155 10 OH^-1 244.205 0.0912796
0 17036 10 H3O^1 323.745 10.0374
1 10195 10 OH^0 323.745 6.00572
2 7302 10 OH^-1 323.745 4.30069
3 8794 10 e_aq^-1 323.745 5.18293
4 9486 10 H^0 323.745 5.58865
5 16356 10 H_2^0 323.745 9.62973
6 19678 10 H2O2^0 323.745 11.5879
7 74 10 HO_2^0 323.745 0.0434937
8 84 10 HO_2^-1 323.745 0.0494207
10 845 10 O^-1 323.745 0.498177
11 31 10 O_2^0 323.745 0.0184038
12 25 10 O_2^-1 323.745 0.0147803
16 136 10 H3O^1 323.745 0.0803754
17 146 10 OH^-1 323.745 0.0859142
0 16109 10 H3O^1 429.193 9.49172
1 9739 10 OH^0 429.193 5.73794
2 7153 10 OH^-1 429.193 4.21341
3 8022 10 e_aq^-1 429.193 4.72828
4 9267 10 H^0 429.193 5.45978
5 16543 10 H_2^0 429.193 9.73965
6 19586 10 H2O2^0 429.193 11.5333
7 71 10 HO_2^0 429.193 0.0418429
8 97 10 HO_2^-1 429.193 0.0570189
10 823 10 O^-1 429.193 0.485047
11 35 10 O_2^0 429.193 0.0207314
12 29 10 O_2^-1 429.193 0.0170508
16 134 10 H3O^1 429.193 0.0791254
17 137 10 OH^-1 429.193 0.0806554
0 15218 10 H3O^1 568.986 8.96697
1 9381 10 OH^0 568.986 5.52794
2 7045 10 OH^-1 568.986 4.15047
3 7321 10 e_aq^-1 568.986 4.31471
4 9076 10 H^0 568.986 5.34805
5 16720 10 H_2^0 568.986 9.84376
6 19532 10 H2O2^0 568.986 11.5009
7 78 10 HO_2^0 568.986 0.0459835
8 89 10 HO_2^-1 568.986 0.0522094
10 744 10 O^-1 568.986 0.438712
11 34 10 O_2^0 568.986 0.0201591
12 31 10 O_2^-1 568.986 0.0182235
16 127 10 H3O^1 568.986 0.0750578
17 130 10 OH^-1 568.986 0.0765107
0 14410 10 H3O^1 754.311 8.49099
1 9035 10 OH^0 754.311 5.324
2 6954 10 OH^-1 754.311 4.09686
3 6681 10 e_aq^-1 754.311 3.93775
4 8858 10 H^0 754.311 5.21903
5 16889 10 H_2^0 754.311 9.94355
6 19495 10 H2O2^0 754.311 11.4791
7 73 10 HO_2^0 754.311 0.0429997
8 73 10 HO_2^-1 754.311 0.0429735
10 675 10 O^-1 754.311 0.397751
11 38 10 O_2^0 754.311 0.022494
12 31 10 O_2^-1 754.311 0.0182626
16 116 10 H3O^1 754.311 0.0684543
17 124 10 OH^-1 754.311 0.0729283
0 13702 10 H3O^1 999.999 8.07315
1 8744 10 OH^0 999.999 5.15269
2 6848 10 OH^-1 999.999 4.0341
3 6147 10 e_aq^-1 999.999 3.62279
4 8665 10 H^0 999.999 5.10545
5 17037 10 H_2^0 999.999 10.0308
6 19467 10 H2O2^0 999.999 11.4626
7 64 10 HO_2^0 999.999 0.0376756
8 71 10 HO_2^-1 999.999 0.0417805
10 597 10 O^-1 999.999 0.351785
11 42 10 O_2^0 999.999 0.0248446
12 34 10 O_2^-1 999.999 0.0200163
16 97 10 H3O^1 999.999 0.0572346
17 112 10 OH^-1 999.999 0.0658205

