12  195
4  195
12  195
11  195
12  194
9  1310
10  1310
2  1310
10  1310
12  1386
4  1386
12  1386
11  1386
3  1386
11  1386
11  2508
3  2508
11  2508
16  2508
15  2509
5  2509
15  2509
16  2510
14  2509
15  2587
13  2586
14  2587
6  2587
14  2587
10  2587
18  0
18  0
10  2508
10  2508
12  2587
12  2587
11  2588
11  2588
12  2588
4  2588
4  2588
4  2588
4  2588
4  2588
12  2588
11  2588
3  2588
3  2588
3  2588
3  2588
3  2588
11  2588
11  2588
12  2587
12  2512
4  2512
12  2512
11  2512
3  2512
3  2512
3  2512
3  2512
11  2512
11  2512
11  2512
11  2512
11  2512
9  2515
1  2515
9  2515
9  2514
1  2514
1  2514
9  2514
14  2515
14  2515
14  2515
13  2514
13  2514
8  2514
8  2514
13  2514
9  2514
9  2514
9  2514
10  2514
13  2514
13  2514
13  2514
8  2514
8  2514
8  2514
8  2514
8  2514
13  2514
9  2513
1  2513
1  2513
9  2513
11  2510
12  2509
11  2509
11  2509
3  2509
3  2509
11  2509
11  2509
3  2509
3  2509
11  2509
12  2508
4  2508
4  2508
12  2508
11  2508
12  2507
12  2507

