2, chem 0 1 293
0, chem 0 1 289
0, chem 1 0 1570
0, phy 2 0 990
0, phy 2 1 1963
0, phy 2 1 1963
0, chem 2 1 3306
0, chem 4 1 2575
0, phy 5 0 2877
0, chem 5 0 1827
0, chem 5 0 1689
0, phy 6 0 119
0, phy 6 0 2358
0, chem 6 1 1084
0, chem 6 1 1087
0, phy 9 1 504
0, phy 10 1 711
0, chem 10 1 677
0, chem 10 1 1696
0, phy 11 1 2888
0, chem 11 1 2887
0, chem 11 1 1
0, chem 13 0 1224
0, chem 13 0 130
0, phy 14 0 2506
0, chem 14 1 1387
0, chem 14 1 2279
0, phy 15 1 877
0, chem 15 1 2217
0, chem 16 0 1790
0, chem 16 0 2678
0, chem 16 0 1782
0, chem 16 1 2831
0, chem 16 1 287
0, chem 17 1 1496
0, phy 18 0 392
0, phy 18 1 314
0, phy 18 1 1286
0, phy 18 1 2478
0, chem 18 1 2477
0, chem 19 0 2970
0, phy 20 0 2978
0, chem 20 1 2977
0, phy 21 1 145
0, phy 21 1 144
0, phy 22 0 2591
0, chem 23 0 1549
0, chem 25 0 1672
0, chem 25 0 3011
0, phy 25 1 493
0, phy 25 1 1823
0, phy 26 0 983
0, phy 26 0 2102
0, phy 27 0 2182
0, phy 27 0 3318
0, phy 28 0 209
0, chem 28 0 2589
0, phy 28 1 55
0, chem 28 1 2275
0, chem 29 0 283
0, chem 29 0 1483
0, phy 29 1 281
0, phy 29 1 360
0, chem 29 1 282
0, phy 30 0 1292
0, chem 30 0 2501
0, phy 30 1 98
0, phy 32 0 149
0, phy 32 0 148
0, phy 32 1 147
0, phy 32 1 1114
0, chem 32 1 1196
0, chem 32 1 1099
0, phy 33 1 581
0, chem 33 1 496
0, phy 34 0 1847
0, phy 34 1 654
0, chem 34 1 655
0, phy 37 0 1283
0, chem 37 1 2615
0, phy 39 0 1288
0, phy 39 0 2490
0, chem 39 1 1364
0, chem 40 1 2930
0, chem 40 1 301
0, phy 41 1 2894
0, chem 41 1 2909
0, chem 42 0 2030
0, chem 43 1 1494
0, phy 44 0 688
0, phy 44 0 1879
0, phy 44 1 763
0, phy 44 1 1955
0, phy 45 0 184
0, chem 45 0 103
0, chem 45 0 1296
0, phy 45 1 1371
0, phy 46 0 794
0, chem 46 0 482
0, chem 47 0 378
0, chem 47 0 2776
0, chem 48 1 2744
0, phy 49 0 426
0, chem 49 1 280
0, phy 51 0 494
0, chem 51 0 1682
0, chem 51 1 507
0, chem 52 1 305
0, chem 52 1 1695
0, chem 52 1 1386
0, phy 53 1 2106
0, chem 54 0 2760
0, chem 54 0 509
0, phy 55 0 1314
0, chem 55 0 1313
0, phy 55 1 119
0, phy 55 1 119
0, phy 55 1 121
0, phy 55 1 199
0, phy 55 1 1391
0, phy 56 1 2853
0, phy 57 0 1554
0, phy 57 1 1629
0, chem 57 1 1487
0, phy 59 0 918
0, phy 59 0 997
0, chem 59 0 2225
0, chem 59 1 1002
0, chem 62 0 300
0, chem 62 0 2694
0, phy 64 0 1708
0, chem 64 0 616
0, chem 64 0 1479
0, phy 64 1 284
0, chem 67 1 2058
0, phy 69 0 1638
0, phy 69 0 1638
0, phy 69 0 1638
0, phy 69 0 1638
0, phy 69 0 1638
0, chem 69 0 1637
0, phy 69 1 1638
0, chem 69 1 1490
0, phy 70 0 428
0, phy 70 0 1541
0, phy 70 0 2661
0, phy 70 1 277
0, phy 70 1 1464
0, phy 70 1 1616
0, chem 70 1 1617
0, chem 70 1 2817
0, chem 70 1 1463
0, chem 70 1 280
0, phy 71 0 174
0, chem 71 1 396
0, phy 72 0 61
0, phy 72 0 2370
0, chem 72 0 2315
0, phy 72 1 1097
0, phy 72 1 1175
0, chem 72 1 2577
0, chem 72 1 143
0, phy 74 0 2838
0, phy 74 1 511
0, phy 74 1 2916
0, phy 74 1 2995
0, chem 75 0 1698
0, phy 76 0 1177
0, phy 76 0 2297
0, phy 76 1 2373
0, chem 76 1 65
0, chem 77 0 3403
0, phy 78 0 150
0, phy 78 1 965
0, chem 78 1 2158
0, chem 78 1 1186
0, phy 79 0 1887
0, phy 79 0 1963
0, phy 79 0 3399
0, phy 79 1 3239
0, phy 79 1 3396
0, chem 79 1 1963
0, phy 80 0 699
0, phy 80 0 1697
0, chem 80 0 697
0, phy 80 1 777
0, phy 80 1 1694
0, phy 82 1 2236
0, chem 82 1 1205
0, phy 83 0 2768
0, chem 83 0 2769
0, phy 83 1 2688
0, phy 84 0 1191
0, phy 84 0 2313
0, phy 84 0 2316
0, phy 84 1 2390
0, phy 84 1 2391
0, chem 84 1 155
0, phy 86 0 1835
0, chem 86 0 722
0, chem 86 1 1676
0, phy 87 0 1755
0, chem 87 0 803
0, chem 87 0 2999
0, phy 88 0 592
0, chem 88 0 1709
0, chem 88 0 1628
0, chem 88 0 2738
0, chem 88 1 596
0, phy 90 0 917
0, phy 91 0 50
0, phy 91 1 125
0, phy 91 1 124
0, phy 92 0 719
0, phy 92 1 718
0, phy 93 1 952
0, chem 94 0 1578
0, chem 94 0 101
0, phy 94 1 2777
0, phy 96 0 891
0, chem 96 0 899
0, phy 96 1 3310
0, phy 97 1 878
0, phy 97 1 2210
0, chem 98 0 3300
0, phy 99 0 1937
0, chem 99 0 2008
0, phy 99 1 1860
0, phy 99 1 3136
0, chem 99 1 3143

